ORIG	DEST	N_TOT
3	3	2
3	6	1
4	3	2
4	4	2
5	4	2
5	5	2
6	7	1
7	7	1
9	9	1
9	10	1
10	10	1
10	27	1
11	5	2
11	11	1
12	11	1
12	12	1
14	15	1
15	15	1
15	24	1
24	9	1
27	27	1
27	29	1
35	35	1
35	57	1
42	47	1
44	48	1
47	47	1
47	58	1
48	48	1
54	64	1
57	57	1
58	58	1
64	64	1
72	73	1
73	73	1
75	75	1
83	84	1
84	84	1
85	584	1
87	88	1
88	88	1
88	585	1
94	12	1
95	94	1
96	95	1
118	118	1
119	119	1
120	118	1
127	119	1
127	134	1
134	134	1
148	153	1
153	153	1
155	152	1
155	155	1
157	157	1
157	187	1
163	176	2
176	176	2
176	178	1
178	178	1
179	179	1
179	191	1
181	181	1
181	574	1
187	187	1
191	157	1
191	191	1
195	195	1
196	196	1
196	560	1
197	196	1
198	198	1
198	199	1
199	199	1
201	206	1
206	206	1
207	207	2
207	208	2
208	198	1
208	208	3
209	209	1
209	247	1
210	207	2
210	210	1
211	155	1
211	210	1
216	228	1
217	216	1
219	220	1
220	217	1
220	220	1
224	224	1
228	224	1
228	228	1
234	211	1
235	237	1
237	234	1
237	237	1
238	239	1
239	262	1
240	240	1
241	235	1
242	240	1
242	242	1
244	242	1
247	208	1
247	247	1
255	255	1
255	298	1
256	255	1
257	257	1
257	259	1
259	259	1
262	243	1
262	262	1
266	266	1
267	267	1
268	268	1
269	268	1
269	269	1
273	238	1
273	273	1
274	274	1
274	2518	1
275	274	1
276	269	1
276	276	1
277	266	1
277	278	1
278	278	1
278	286	1
278	287	1
279	276	1
281	281	1
282	281	1
282	282	1
284	284	1
284	286	1
285	273	1
285	285	1
285	286	1
286	278	1
286	282	1
286	286	2
287	275	1
288	289	1
288	290	1
289	284	1
289	290	1
290	290	2
290	291	1
291	291	1
291	292	1
292	293	1
293	285	1
293	293	1
294	294	1
294	310	1
298	298	1
298	299	1
299	257	1
299	299	2
299	303	1
302	302	1
302	524	1
303	303	1
303	305	2
304	304	1
304	525	1
305	304	1
305	305	2
305	525	1
310	310	1
312	313	1
312	314	1
313	294	1
313	313	1
313	314	1
314	314	2
314	317	1
316	316	1
317	316	1
317	317	1
319	312	1
319	319	1
320	319	1
323	328	1
326	326	1
328	328	1
330	330	1
335	335	1
336	335	1
338	338	1
343	338	1
346	346	1
346	383	1
347	346	1
351	351	1
351	374	1
351	2616	1
352	352	2
352	353	1
352	372	2
352	2615	1
353	351	1
353	352	1
354	352	1
354	353	1
354	354	1
355	354	1
355	355	2
355	367	1
359	355	1
372	352	1
372	372	3
372	374	2
373	373	1
374	351	1
374	372	2
374	374	4
374	377	1
375	374	1
375	375	1
377	373	1
377	377	1
383	383	1
390	391	1
391	391	1
391	397	1
397	397	1
399	402	1
402	402	1
402	403	1
403	403	1
403	404	1
404	404	1
405	408	1
407	407	1
407	410	1
408	407	1
408	408	1
408	410	1
410	410	2
410	411	1
411	411	1
411	412	1
412	412	1
412	433	1
413	413	1
413	414	1
414	417	1
418	431	1
424	424	2
425	424	1
425	425	1
429	429	1
429	431	1
430	429	1
430	430	1
431	424	1
431	431	1
431	434	1
432	425	1
432	432	1
433	413	1
433	433	1
434	432	1
434	434	1
436	439	1
439	439	1
445	445	2
446	445	1
447	445	1
447	447	1
448	447	1
448	448	1
450	448	1
456	456	1
456	490	1
464	465	1
465	465	1
465	466	1
466	466	2
468	479	1
469	326	1
472	473	1
473	330	1
473	473	1
479	479	1
479	484	1
484	485	1
485	702	1
486	486	1
487	486	1
487	487	1
487	490	1
488	487	1
490	490	2
490	491	1
491	491	1
500	500	1
500	501	1
501	501	3
501	502	1
502	502	1
503	504	1
504	500	1
504	501	1
504	504	1
507	507	1
507	508	1
508	508	1
514	501	1
514	514	2
515	507	1
515	514	1
516	514	1
516	515	1
516	516	1
517	529	1
522	522	1
522	529	1
523	522	1
523	523	3
523	529	1
524	523	1
525	302	1
525	525	2
525	527	1
527	523	2
527	527	1
528	528	1
528	533	1
529	529	1
529	532	2
530	528	2
530	530	2
531	530	2
531	531	2
532	531	2
532	532	2
533	533	1
533	537	1
534	534	1
535	534	1
535	535	1
537	538	1
538	516	1
544	547	1
547	547	1
547	548	1
548	548	1
548	566	1
552	535	1
555	555	2
556	555	1
557	557	1
557	2668	1
559	559	1
560	560	1
560	563	1
562	562	1
563	563	1
566	566	1
570	181	1
570	570	1
571	570	1
574	574	1
579	179	1
579	557	1
579	579	2
580	579	1
582	87	1
582	582	1
583	582	1
583	583	1
584	583	1
584	584	1
585	586	1
586	586	1
588	588	1
590	596	1
595	610	1
595	613	1
596	595	1
596	596	1
601	602	1
601	606	1
602	597	1
602	602	1
606	562	1
606	606	1
610	610	1
610	611	2
611	579	1
611	601	1
611	611	1
612	590	1
613	613	1
613	621	1
613	622	1
614	588	1
616	616	1
616	908	1
618	616	1
618	618	3
619	619	2
619	620	1
620	618	1
620	620	1
621	621	1
621	658	1
622	658	1
622	659	1
623	613	1
623	623	2
623	628	1
624	624	2
625	618	1
625	625	1
627	628	1
628	612	1
628	623	1
628	628	1
647	647	1
647	667	1
648	647	1
651	651	1
653	653	1
656	624	2
656	656	1
658	658	2
658	660	1
658	661	1
659	659	1
659	660	1
660	619	1
660	660	2
660	663	1
661	661	1
661	662	1
662	662	1
662	663	1
662	674	1
663	663	1
663	664	1
663	673	1
664	664	1
664	672	1
665	653	1
665	669	1
665	673	1
666	656	1
666	666	1
667	651	1
667	666	1
667	667	1
669	669	1
669	670	1
669	690	1
670	670	1
670	690	1
671	671	1
672	672	1
672	673	1
673	673	2
673	675	1
674	674	1
675	675	2
675	843	1
675	895	1
679	679	1
679	788	1
681	679	1
681	681	1
685	681	1
685	685	1
686	685	1
687	698	1
690	690	2
690	691	1
691	691	1
691	692	1
692	671	1
692	692	1
695	695	1
697	697	1
697	703	1
697	835	1
698	698	1
698	699	1
699	702	1
700	695	1
700	700	1
702	697	2
702	702	1
703	700	1
703	703	1
703	704	1
704	704	1
704	706	1
705	713	1
706	705	1
706	706	1
708	708	1
709	711	1
711	712	1
712	708	1
712	712	1
712	797	1
713	713	1
713	714	1
714	714	1
714	715	1
715	715	2
716	715	1
716	716	1
717	716	1
717	717	1
718	717	1
718	718	1
724	725	1
725	725	1
725	727	1
727	727	1
728	736	1
732	732	1
733	732	1
733	733	2
733	775	1
735	735	1
736	735	1
736	736	1
736	741	2
738	718	1
738	738	1
739	738	1
739	739	1
741	771	1
741	772	1
742	742	1
742	743	2
743	743	1
743	768	2
744	742	1
745	745	1
745	751	1
751	751	1
755	745	1
755	755	1
757	755	1
760	760	1
760	814	1
761	733	1
768	761	1
768	768	5
768	769	2
768	771	1
769	768	2
769	769	2
769	770	1
770	769	2
770	770	1
770	771	1
770	773	1
771	733	1
771	771	3
772	736	1
772	773	1
773	768	1
773	770	1
773	772	1
773	773	1
775	739	1
775	775	1
776	776	1
776	785	1
778	776	1
779	778	1
779	781	1
780	709	1
780	780	1
781	780	1
781	781	1
785	687	1
785	785	1
787	787	1
787	788	1
787	790	1
788	787	1
788	788	3
788	836	1
789	788	1
789	789	1
790	789	1
790	790	1
792	792	1
796	2668	1
797	797	1
803	805	1
805	805	1
807	770	1
808	808	1
809	810	1
810	808	1
810	810	1
813	760	1
814	814	1
819	820	1
820	820	1
820	825	1
825	825	1
825	831	1
826	826	1
827	826	1
831	831	1
835	838	1
836	836	1
838	841	1
841	895	1
843	843	1
843	895	1
845	845	1
845	855	1
848	848	1
848	851	1
850	848	1
850	855	1
851	851	1
851	852	1
852	852	1
852	853	1
853	845	1
853	853	1
855	855	1
855	858	1
858	859	1
859	859	1
859	860	1
860	860	1
860	862	1
860	863	1
862	862	2
863	863	1
878	880	1
880	880	1
888	888	1
888	920	1
894	902	1
895	894	1
895	895	1
895	899	1
897	897	1
898	675	1
899	907	1
900	900	2
900	906	2
901	900	1
901	901	1
901	904	1
902	619	1
902	900	1
902	902	2
902	903	2
903	619	1
903	625	1
903	901	1
903	903	3
904	888	1
904	904	1
905	902	2
905	903	1
906	902	1
906	905	2
906	906	2
920	920	1
945	947	1
947	948	1
948	957	1
950	950	1
950	952	1
951	961	1
952	951	1
952	952	1
954	942	1
956	954	1
957	950	1
961	962	1
962	956	1
962	962	1
965	965	2
990	990	1
995	965	2
995	995	2
998	990	1
1008	299	1
1008	1460	1
1010	1415	1
1018	995	1
1018	1018	1
1019	1018	1
1019	1019	1
1020	1019	1
1026	1027	1
1027	1028	1
1028	1028	1
1028	1031	1
1031	1031	1
1031	1032	1
1032	1032	1
1032	1033	1
1033	1033	1
1034	1034	1
1042	1034	1
1043	1042	1
1047	1043	1
1047	1047	1
1048	1047	1
1048	1048	2
1049	1048	2
1049	1049	1
1050	1049	1
1053	1050	1
1053	1053	1
1054	1064	1
1055	1055	2
1055	1058	1
1056	1055	1
1058	1058	1
1064	1053	1
1064	1055	1
1064	1064	1
1065	1064	1
1065	1065	1
1067	1070	1
1068	1069	1
1069	1067	1
1069	1069	1
1070	1065	1
1070	1070	1
1081	1081	1
1081	2299	1
1358	1358	1
1363	1376	1
1369	1369	1
1369	1508	1
1370	1369	1
1376	1376	1
1376	1377	1
1377	1377	1
1377	1379	1
1379	1379	2
1379	1390	1
1382	1382	1
1382	1396	1
1383	1383	1
1383	1395	1
1384	1385	1
1385	1383	1
1385	1385	1
1387	1379	1
1387	1387	1
1388	1387	1
1394	1394	1
1395	1382	1
1395	1394	1
1395	1395	1
1396	1396	1
1401	1401	1
1402	1401	1
1402	1402	1
1405	1402	1
1405	1405	2
1406	1405	2
1409	1411	1
1410	1409	1
1412	1413	1
1413	1413	1
1413	1420	1
1414	1410	1
1414	1414	1
1414	1416	1
1415	1039	1
1416	1010	1
1416	1416	1
1419	1420	1
1420	1414	2
1420	1420	1
1422	1425	1
1425	1425	1
1425	1426	1
1426	1426	1
1435	1436	1
1436	1436	2
1436	1437	1
1437	1436	1
1437	1437	1
1437	1438	1
1438	1438	1
1452	1452	1
1453	1452	1
1455	1455	1
1459	1459	1
1460	1459	1
1460	1460	1
1462	1464	1
1464	1473	1
1473	1477	1
1475	1476	1
1476	1476	1
1476	1477	1
1476	1478	1
1477	1477	2
1477	1479	1
1477	1489	1
1478	1477	1
1478	1478	1
1479	1479	1
1479	1493	1
1486	1487	1
1487	1487	1
1489	1498	1
1493	1494	1
1494	1494	1
1494	1495	1
1495	1495	1
1498	1514	1
1508	1505	1
1508	1508	1
1509	1508	1
1512	1509	1
1514	1515	1
1515	1512	1
2259	2259	1
2259	2671	1
2267	2267	1
2267	2269	1
2268	2267	1
2268	2268	1
2269	2269	2
2269	2270	1
2270	2269	1
2270	2270	2
2270	2273	1
2271	2270	1
2272	2272	1
2273	2273	2
2273	2274	1
2274	2274	1
2275	2272	1
2275	2275	1
2276	2275	1
2278	2268	1
2281	2281	1
2290	2290	1
2290	2291	1
2291	2281	1
2291	2291	1
2293	2293	1
2295	2407	1
2299	2290	1
2299	2299	1
2299	2316	1
2300	2293	1
2300	2300	1
2301	2301	1
2301	2554	1
2302	2306	1
2304	2302	1
2304	2304	2
2305	2304	2
2306	2306	1
2306	2307	1
2307	2301	1
2307	2307	1
2315	2316	1
2316	2295	1
2316	2299	1
2316	2316	1
2341	2343	1
2341	2344	1
2343	2315	1
2344	2344	2
2344	2345	2
2345	2345	4
2345	2346	1
2345	2363	1
2346	2346	1
2346	2369	1
2347	2341	1
2348	2347	1
2348	2668	1
2363	2344	1
2363	2363	1
2363	2364	1
2363	2375	1
2364	2363	1
2364	2420	1
2366	2391	1
2369	2667	1
2375	2375	1
2385	2399	1
2389	2345	1
2389	2389	1
2390	2427	1
2391	1081	1
2391	2391	1
2394	2429	1
2395	2394	1
2396	2404	1
2397	2396	1
2399	2403	1
2399	2434	1
2401	2401	1
2403	2397	1
2404	2433	1
2406	2406	2
2406	2407	1
2406	2426	1
2407	2406	1
2407	2407	1
2407	2428	1
2413	2413	1
2413	2418	1
2414	2413	1
2414	2414	2
2415	2414	2
2417	2418	1
2418	2418	2
2418	2419	2
2419	2419	1
2419	2420	1
2420	359	1
2420	2420	1
2420	2679	1
2421	2423	1
2422	2421	1
2423	2417	1
2423	2423	1
2425	2425	1
2425	2437	1
2426	2426	1
2426	2431	1
2427	2427	1
2427	2430	1
2428	2428	1
2429	2366	1
2429	2429	1
2430	2406	2
2430	2430	2
2433	2433	1
2433	2434	1
2434	2401	1
2434	2434	2
2434	2435	1
2434	2469	1
2435	2430	1
2435	2435	1
2436	2436	1
2436	2437	1
2437	2426	1
2437	2437	2
2438	2438	1
2438	2439	1
2439	2436	1
2439	2439	1
2441	2451	1
2445	2438	1
2451	2460	1
2454	2454	1
2454	2692	1
2455	2454	1
2457	2455	1
2457	2457	1
2459	2457	1
2459	2459	1
2459	2460	1
2460	2460	2
2460	2461	1
2461	2459	1
2461	2461	1
2466	2466	1
2466	2730	1
2467	2345	1
2467	2389	1
2467	2466	1
2467	2467	2
2469	2467	1
2477	2467	1
2477	2477	1
2505	2505	1
2506	2505	1
2506	2506	1
2507	2506	1
2507	2507	1
2510	2507	1
2512	2513	1
2513	2510	1
2513	2513	1
2513	2514	1
2514	2514	1
2514	2518	1
2518	2518	2
2518	2520	1
2520	2521	1
2521	559	1
2521	2521	2
2526	2526	1
2527	2526	1
2527	2527	1
2528	2527	1
2549	2552	1
2550	2550	1
2550	2554	1
2551	2552	1
2551	2553	1
2552	2550	1
2552	2552	2
2553	2300	1
2553	2553	1
2554	2551	2
2554	2554	2
2560	2563	1
2561	2561	1
2561	2562	1
2562	2560	1
2563	2570	1
2569	2569	1
2569	2580	1
2570	2570	1
2570	2597	1
2573	2561	1
2574	2573	1
2574	2574	1
2575	2575	1
2575	2576	1
2576	2574	1
2576	2576	1
2580	374	1
2580	2580	1
2586	2586	1
2588	2588	1
2589	2589	1
2590	2588	1
2590	2589	1
2592	2586	1
2593	2593	1
2593	2594	1
2594	2594	1
2594	2595	1
2595	2595	1
2595	2596	1
2596	2596	1
2596	2599	1
2597	2593	1
2597	2597	1
2597	2598	1
2598	2598	1
2599	2599	1
2601	2601	1
2602	2601	1
2604	2625	1
2606	2610	1
2610	2610	1
2611	2606	1
2612	2613	1
2613	2620	1
2615	2615	1
2616	2612	1
2618	2620	1
2620	2611	1
2620	2620	1
2621	2626	1
2624	2621	1
2625	2625	1
2626	288	1
2626	2626	1
2657	2569	1
2662	466	1
2668	195	1
2668	375	1
2668	430	1
2668	456	1
2668	555	1
2668	618	1
2668	623	1
2668	792	1
2668	862	1
2668	897	1
2668	995	1
2668	1081	1
2668	1455	1
2668	2273	1
2668	2425	1
2668	2521	1
2670	2670	1
2671	2670	1
2671	2671	1
2672	2259	1
2672	2575	1
2672	2672	1
2676	2676	1
2676	2677	1
2677	2672	1
2677	2676	1
2677	2677	1
2679	2679	1
2722	2722	1
2727	2722	1
2727	2727	1
2729	2477	1
2730	2730	1
2743	2743	1
2754	2755	1
2755	2743	1
2755	2755	1
2802	2727	1
4137	267	1
4604	35	1
4604	75	1
4604	209	1
4604	552	1
5514	355	1
5514	515	1
6955	1358	1
